name,value
Kinedu: Developmental Activities and Milestones,4760814
家族アルバム wellnote 子供の写真や動画を整理、共有,824820
Chai's Play - Aplikasi parenting & permainan anak,759743
